16472
16380
16026
16400
16581
15930
15805
16338
16613
15848
16565
16727
16641
16695
16453
16648
17070
16922
16842
16288
16173
16541
16249
16520
16668
16435
16800
16364
16991
16282
15931
16378
15987
16351
16906
16767
16465
15917
16282
16632
16689
16133
16276
16309
16494
17051
16143
16861
16787
17088
16334
16673
16436
16662
16714
16561
16553
16582
16814
16341
16306
16525
16518
16514
16780
16377
16605
16679
16599
16376
16260
16939
16873
16542
16671
16373
16410
16502
16419
16321
16971
16249
16537
16948
16938
16639
16467
16382
16606
16752
16007
16258
16671
16327
17204
16966
16636
16204
16447
16358
16711
16207
16451
16338
16491
16464
16573
16674
16436
16361
15940
16145
16529
16555
16749
16860
16256
16313
16481
16668
16658
16387
16934
16601
16591
16568
16207
16570
16090
16839
16695
17114
16729
16310
16118
15963
16434
16159
16385
16527
16514
16400
16417
16813
16816
16395
17023
16112
16757
16473
16294
16698
16386
16439
16261
16353
16503
16509
16327
16667
16403
16800
16890
16951
16445
16251
16426
16712
16518
16561
17051
16643
16138
16262
16031
16301
16451
16990
16408
16434
16708
16882
16857
16485
16355
16936
16780
16306
16519
16661
16787
16371
16402
16737
16284
16625
16392
16976
16183
16527
16198
16908
16088
16990
16467
16604
16320
16378
16563
16916
16761
17196
16020
16875
16111
16582
16918
16949
16431
16617
16661
16074
16277
16563
16229
16374
16430
16710
17251
16322
17013
16738
16274
16762
16392
17103
16425
16956
16361
16412
16842
16089
16825
16325
16068
15895
16593
16584
16140
16669
16676
16193
16289
16771
16280
16593
16659
16602
16676
16556
16708
17001
16596
16470
16149
17021
16871
16314
17218
16636
16887
16283
16567
16372
16610
16331
16158
16841
16483
16873
16536
16118
16376
16641
16771
16381
16715
16482
17009
16036
16684
16534
16212
16347
16358
16630
16497
16773
17362
16445
16411
16312
16963
16316
16570
16452
16608
17305
16552
16021
16067
16245
16465
17007
16382
16019
16664
16844
16310
16184
16342
16436
16697
16604
17114
16349
16893
16332
17037
16048
16904
16187
16533
16419
16765
16252
16822
16050
16457
16458
16678
16723
16811
16532
16648
16792
16117
16718
16309
16374
15933
16312
16887
16321
16581
16634
16374
16281
16456
16025
16301
16209
16398
17010
16445
16456
16631
16372
16813
16862
16168
16583
16576
16611
16210
16448
16141
15915
16929
16462
16628
16846
16531
16733
16805
16268
16136
16572
16604
16733
16632
16425
16703
16678
16586
16892
16656
15923
16363
16593
16312
16165
16544
16628
16515
16856
16968
16349
16517
16115
16204
16285
16562
16664
16740
16826
16800
16638
16845
16885
16761
15750
16135
16162
16649
16695
16575
17034
16283
16418
16490
16164
16150
15915
16591
16722
16986
16288
16202
16498
16389
16398
16513
16460
16558
16921
16234
16721
16572
16761
16218
16460
16462
16142
16223
16764
16506
16577
16668
16481
16861
16598
16286
17089
16321
16265
16775
16238
16351
16169
16611
16327
16698
16851
16906
16657
16306
16586
16096
16772
16338
16543
16152
16030
17144
16701
16287
16208
16472
16461
17035
16151
16483
17153
16498
16251
16422
16893
16206
15958
16238
17065
16408
16597
16368
16388
16651
16706
16612
16375
16156
16070
16748
16497
16239
16226
16990
16719
16191
16985
16262
16049
16067
16856
16569
16518
16481
16578
16556
16215
16999
16854
16299
16642
16715
16547
16029
16370
16422
15811
16683
16409
16352
16428
16543
16468
16773
16649
16789
16378
15934
16775
16599
16160
16939
16431
16413
16501
16007
16587
16482
16403
16355
16441
16795
16578
15870
16832
16111
16203
16944
16563
16263
16338
16386
16478
16491
16756
16047
16608
16165
16181
16625
16310
16687
16102
16348
16493
16822
16316
16639
16546
16591
16538
16554
16463
16381
16837
16251
16695
17204
16729
16786
16238
16652
16457
16737
16477
16622
16387
17038
16057
16623
16319
16421
16767
16561
16299
16127
16325
16427
16562
16355
16688
16937
16428
16442
16625
16947
16556
16748
16362
16572
16498
16592
16239
16411
16342
16605
16949
16589
16346
16011
16612
16439
16859
16209
16697
16696
16285
16404
16581
16529
16804
16482
16219
16713
16321
16176
16474
16343
16992
16649
16850
16783
16359
16355
16392
16605
16754
16030
16684
16457
16419
17036
16997
16042
16339
16867
16481
16432
16543
17062
16553
16421
16406
16006
16277
16937
16486
16980
16399
16278
16444
16445
16337
16162
16784
16374
16595
16715
16638
17171
16828
16431
16538
16722
16767
16800
16589
16530
16540
16524
16580
16767
16820
16729
16981
16482
16334
16402
16704
16489
16150
16868
16767
16514
16532
16311
16619
16067
16587
16607
16190
16608
16355
16372
17122
16641
16717
16277
16477
16586
16245
17050
16936
16389
16223
16483
16865
16283
16986
16225
16730
16709
16444
16550
16339
16471
16031
16213
16531
15986
16732
16103
16563
17149
16301
16902
16758
16999
16928
16882
16730
16525
16313
16360
16233
16416
16161
16784
16584
16575
16500
16067
17132
16287
16746
17001
16922
16462
16726
16703
16987
16323
16456
16618
15873
16980
16191
16615
16772
16643
17000
16368
17056
16763
16696
16985
16328
16530
16200
16997
16592
16318
16815
16540
16220
16402
16474
16276
16517
16782
16530
16116
16784
17196
16648
17006
15723
16842
16693
16656
16749
16457
16469
16010
16628
16298
16307
16801
16731
16443
16211
16763
16892
16669
16221
16831
16223
16439
16943
16281
16320
16938
16094
16645
16693
16820
16816
16661
16583
16414
16059
16112
16366
16390
16501
16626
16682
16487
16433
16539
16713
16748
16088
16391
16494
16251
16323
16420
16418
16660
15776
16609
16305
16860
16789
16681
16968
16556
16600
16748
16394
17027
16439
16321
16594
16668
16390
16791
16491
16494
16272
16881
16333
16927
17046
16611
16567
16818
16393
16831
16397
16158
16890
16033
16663
16291
16700
16422
16446
16484
16463
16661
15944
16343
16579
16930
16578
16755
16543
16850
16565
16189
16579
16057
16772
16287
16546
16305
16635
16836
16495
16281
16255
16291
16405
16419
16241
16997
16595
16528
16435
16163
15985
16459
16563
16096
16508
16387
16481
16128
16759
16592
16813
16844
16523
16947
16173
16615
16411
16148
16521
17148
16886
16866
16090
16395
16599
16086
16434
16369
16838
16124
16625
16555
16421
16339
16421
16704
16332
16243
16016
16749
16600
15871
16779
16190
16216
16755
16676
16691
16333
16088
16304
15876
16323
16514
16391
16553
16559
16378
15908
16772
16225
16668
16497
17071
16285
16541
16623
16348
16638
16412
17230
16756
17209
15868
16109
16297
16728
16524
16355
16626
16817
16516
16487
15966
16313
16600
16352
16479
15947
16509
16491
16712
16812
16686
16322
16598
16371
16405
16720
17198
16741
16795
16014
16602
16144
16044
16227
16687
16113
16727
16464
16304
16453
16456
16871
16430
16664
16400
16199
16380
16697
16706
16521
16451
16463
16749
16772
16095
16652
16724
16256
16057
16774
16343
16503
16827
16842
17202
16505
16444
16378
16606
16928
16686
16263
16356
17119
16697
16763
16749
16596
16401
16897
16499
16702
16703
16084
16931
16023
16915
16212
16303
16505
16364
16725
16216
16284
16864
16882
16550
16666
16684
15919
16482
16929
16362
16521
16188
16398
16895
17233
16456
16294
16487
16797
17047
17102
16247
16097
16621
16572
16504
16693
16605
17162
16575
16410
16246
16854
16340
16126
16437
16774
16306
16324
16891
16704
16692
16654
16458
16344
16430
16639
16629
16270
16725
16635
16486
16511
15805
16047
16334
16377
16412
16482
15933
16580
16765
16363
16223
16361
16855
16579
16098
16435
16503
16715
16964
16479
16232
16185
16561
16649
16879
16674
16644
16265
16482
16745
16591
16218
15965
16509
16485
16406
16773
16184
16392
16580
16202
16884
16400
16305
16524
16134
16510
16428
16378
16270
16338
16078
16445
16442
16375
16519
16417
16436
16403
16684
16188
17110
16931
16205
16540
16327
16454
16401
16520
16379
16208
16187
16822
16491
16267
16273
16488
16516
16620
16830
16547
16906
16680
16567
16706
16634
16130
16654
16410
16188
16904
16378
16285
16268
16500
16496
16934
15838
16365
16541
16280
16446
16371
16640
16604
16683
16343
16420
16604
15950
16614
16515
16534
16241
16781
16948
16670
16801
16428
16395
16316
16773
15930
16641
16223
16624
16232
16548
16343
16649
16939
16368
16692
16407
16355
16651
16734
16428
16714
16583
16732
16126
16547
16085
16738
16346
16804
16354
16103
16458
16702
17121
16439
16168
16404
16051
16857
16442
16206
16189
16624
16481
17008
16554
16222
16692
16723
16342
16444
16671
16559
16501
16572
17161
16557
16981
16779
16846
16862
16193
16816
16820
16409
16374
16418
16798
16398
16367
17224
16296
16459
16435
16724
16672
16592
16570
15988
16523
16548
17346
16367
16607
16399
16699
17101
16612
16694
16130
16829
16765
16862
16510
16515
16314
16275
16446
16924
16570
16723
16310
16477
16594
16564
16503
16406
16166
16863
16306
16547
16513
16470
16778
16348
16602
16976
16503
16606
16444
16638
16612
17078
16775
16375
16881
16490
16381
16643
16887
16745
16254
16131
16420
16620
16324
16391
16620
16132
16039
16497
17001
16556
16689
16557
16515
16474
16719
16728
16352
16144
16490
16718
16874
16509
16585
16512
16533
16687
16616
16491
16105
16482
16736
17149
16303
16328
16615
16376
16232
16455
16648
16872
16186
16490
16779
16697
16769
16279
16163
16574
16718
16735
16853
16087
16393
16018
16602
16776
16164
16859
16676
16317
16554
16462
16607
16541
16348
16151
16171
16899
16581
17176
17212
16150
17158
16564
16505
16484
16083
16206
16702
16563
16761
16855
16725
16584
16554
16801
16738
16672
16222
16330
16576
16524
16587
16767
16146
16888
16357
16536
16543
16558
16480
16423
16397
16778
16984
16655
16406
16356
16293
16690
16314
16402
16528
15750
16533
16681
16720
16786
16907
16909
16710
16828
16613
16676
16621
16250
16592
16437
16257
16400
16873
16486
16630
16260
16393
16234
16866
16821
16406
16542
16784
16140
16668
16621
16643
16538
16582
17019
16648
16653
16586
16517
16580
16477
16364
16418
16326
16552
16631
16894
16532
16422
16353
16227
16282
16649
16532
16501
16204
16593
16394
16684
16251
16641
16632
16436
16368
16450
16109
15691
17035
16626
17046
16704
16217
16681
17056
16242
16155
16497
16491
16743
16452
16910
16190
16603
16455
16361
16284
16422
16727
16571
16365
16810
17032
16217
16745
16913
16072
16524
16706
16661
15935
16634
16670
16562
16610
16709
16660
16463
16690
16676
16871
16891
16363
16993
16260
16053
16291
16796
16346
17043
16522
16441
16595
16179
16571
16219
16242
17279
16740
16505
16891
16626
16220
16447
16783
16170
16719
16760
16395
16264
16349
16731
16696
16705
16873
16613
16669
16538
16419
16632
16213
16754
16139
16353
16334
16368
16288
16390
16678
16853
16316
16522
16657
16178
16808
16699
16340
16233
15696
16264
16309
16675
16613
16645
16881
16380
16533
16485
17018
16165
16507
16280
16400
16409
16278
16642
16608
16381
16347
15989
16969
16005
16459
16310
16145
15945
16897
16700
16467
16810
16495
17173
16045
16358
16651
16879
16658
16377
16209
16299
16642
16264
16423
16413
16711
16196
16586
17052
16005
16502
16350
15993
16646
16591
16439
16625
16234
16432
15984
16089
16791
16623
16629
16744
16480
15993
16519
16492
16180
16697
16451
16673
16740
16151
16269
16350
16386
16369
16286
16791
16400
16328
16275
16600
16608
16415
16669
16458
16799
16329
16674
16467
16727
16325
16407
16755
16672
16475
16677
16529
16529
16863
16577
16340
15856
16655
16388
16627
16331
16925
16618
16458
16385
16627
16917
16336
16223
16242
16434
16730
16841
16117
16420
16859
16252
16237
16210
16622
17012
16321
17195
16505
16535
16580
16248
16500
16561
16076
16577
16648
16465
16671
16494
16240
16894
16800
16609
16508
16665
16641
16110
16145
16303
16205
16700
16709
16373
15922
17019
16466
16143
16921
16891
16532
16539
16126
16537
16453
16034
16186
16524
16597
16673
16919
16598
16780
16912
16272
16620
16630
16981
16996
17158
16289
16341
16318
16806
16320
16548
16246
16344
16729
16486
15970
16451
16512
16714
16369
16458
16654
16705
16489
16966
16371
16326
16441
16595
16503
16577
16762
17187
16411
16335
16491
16735
16382
16413
16669
16763
17156
16446
16409
16448
16488
16323
16296
16470
16678
16841
16432
16566
16678
16737
16328
16245
16509
17011
16816
16427
16568
16300
16554
16183
16312
16681
16235
16716
16346
16048
16583
16702
16712
16622
16699
17043
16255
16788
16713
16547
15839
17183
16521
16693
16550
16559
16444
16381
16759
16538
16517
16664
16334
16217
16518
16764
16496
16544
16055
16608
16093
16388
16438
17200
16208
16442
16309
16607
16503
15701
16767
16259
16355
16126
16690
16626
16522
16999
16570
16509
16400
16856
16438
16344
16475
16069
16444
16528
16622
16653
16641
15961
16951
16498
17129
16677
16243
16378
16948
16280
16380
16534
17347
16255
16232
16590
15992
16286
16533
16625
16831
17238
16877
16503
16551
16505
16488
16666
16416
16612
16217
16800
16416
16597
16319
16507
17007
16603
16620
16773
16501
16288
16926
16197
16708
16524
16327
16864
16601
15864
16670
16274
16443
16116
16685
17023
16149
16266
16848
16546
16344
16676
16478
15917
16637
16442
16746
16429
16606
16642
16853
16305
16753
16706
16491
16829
16733
17272
15952
16339
16141
17278
16025
16704
16415
16803
16588
16611
16492
16655
16641
16301
16922
16710
16319
16370
16533
16709
15920
16572
16164
16477
16160
17001
16510
16744
15952
16666
16645
16621
16732
16755
16420
16233
16363
16532
16278
16306
16617
16703
16352
16668
16271
16471
17119
16334
16597
16977
16766
16759
16902
16487
16440
16691
16099
16099
16492
16578
16668
16778
16343
16250
16574
16713
16384
16272
16140
16233
17191
16689
16229
16653
16243
16550
16458
16754
16592
17037
16467
16328
16548
16352
16255
16637
16285
16581
16533
16226
17205
16569
16691
16369
17080
16094
16630
16298
16847
16361
16519
16980
16242
16147
16797
17129
16522
16526
16266
16276
16348
16217
16470
16161
16242
16632
16751
16223
16391
16204
16596
16613
16778
16284
16437
16668
16112
16563
16559
16770
16347
17116
16826
16583
16344
16318
16469
15983
16251
16605
16554
16574
16378
16955
16466
16370
17081
16619
16831
16371
16677
16721
16653
16192
16154
16262
16533
16828
16717
16708
16224
16444
16731
16435
16277
16563
16630
16930
16607
16669
16334
16607
16659
16824
16795
16176
16763
16204
15912
16753
16050
16429
16639
16384
16590
16143
16282
16469
16544
16200
16762
16730
17073
16482
16701
16739
16403
16552
16577
16229
16512
16454
16231
17342
17207
16791
16858
16422
16712
16292
16493
16302
16547
16326
16440
16796
16545
16100
16619
16705
16482
16380
16346
16575
16702
16589
16160
16395
16479
16280
16876
16852
16460
16202
16969
16795
16560
16618
16407
16480
16512
16679
16272
16195
16805
16426
16538
16557
16651
16171
16627
16260
16632
16836
16184
16675
16466
16441
16478
16601
16339
16303
16351
16570
16245
16391
16956
16450
16681
16447
16146
16453
16578
16953
16431
16412
15991
16146
16774
16329
16355
16407
16969
16237
16924
16489
16640
15866
16603
16510
16603
16159
16855
16763
16186
16473
16630
16814
16515
16291
16093
16325
16537
16867
16731
16657
16450
16776
16725
16459
16447
16132
16688
16774
16865
16227
16370
16784
16824
16302
16541
16530
16054
16839
16239
16594
16308
16575
16426
16554
16486
16633
17036
15983
16570
16724
16435
17006
16405
16422
16694
16018
16176
16067
16821
16749
16416
16404
16562
16343
16504
16231
16106
16818
16822
16389
16500
16448
16599
16366
16298
16725
16202
17062
16475
16698
15919
16805
16017
16027
16750
16991
16733
16881
16671
16279
16606
16869
16417
16589
16558
16667
16477
16543
16743
16827
16352
16917
16424
16485
16682
16459
16209
16406
16517
16450
16080
16475
16289
16306
16425
16205
16506
16397
16714
16883
16745
16209
16471
16105
16364
16382
16505
16709
16532
16294
16282
16580
16225
16353
16879
16697
16905
16349
16930
16711
16752
16587
16859
16538
15860
16119
16626
16553
16512
16941
16644
16816
16533
16416
16191
16635
16415
16331
16769
16618
16007
16505
16401
16530
16690
16250
16123
15998
16216
16634
16608
16291
17203
16281
16307
16398
16704
16253
16847
16571
16522
16398
16441
16366
16191
16229
16119
16455
16527
16569
16457
16551
16227
16840
15870
16746
16755
16480
16652
16464
16757
16611
16788
16183
16834
15973
16671
16320
16628
16173
16677
15971
16301
16155
16516
16387
16702
16708
16692
16722
16610
16413
16283
16369
16412
16581
16211
16500
16132
16251
16898
16282
16559
16759
15923
16248
16451
16352
16093
16825
16267
16671
16438
16935
16708
16294
16602
16402
16692
16302
16601
16646
16121
16473
16419
16185
16450
16748
16677
16384
16558
15963
16406
16766
16172
16661
16546
16723
16205
16144
16122
16643
16480
16571
16341
16376
16712
16938
16314
16733
16327
16372
16542
16217
16790
16375
16492
16269
16632
16673
16887
16153
16319
16983
17132
16664
16676
16785
16613
16366
16387
16362
16524
16166
16654
16904
16161
16433
16490
16239
16685
16505
16777
16561
16729
16765
16591
16902
16953
16185
16261
16633
16582
16446
16269
16343
16545
16303
16950
16497
16506
16221
16320
16885
17114
16614
16739
16965
16759
16706
16275
16623
16502
16469
16408
16360
16898
16562
16203
16436
16052
15754
16277
16344
16682
16020
16415
16371
16794
16305
16608
16758
16461
16468
16365
16957
15953
16767
16502
16291
16557
15902
16280
16682
16388
16676
16704
16920
16639
16532
16062
16197
16896
16829
16913
16782
16495
16876
16219
16538
16530
16584
16418
16750
16626
16834
16745
16962
16370
16244
16409
16243
16398
16829
16409
16420
16830
16910
16913
17221
16182
16374
16566
17229
16413
16737
16339
16865
16299
16766
16300
16514
16604
16712
16870
16664
16329
16574
16255
16665
16307
16354
16589
16659
16983
16818
16148
16395
16735
16618
16362
16486
16475
16708
16666
16124
16163
16090
16506
16605
16363
16648
16186
16617
16770
16447
16443
16366
16491
15906
16646
16387
16349
16552
16636
17213
16652
16608
16359
16178
16611
17313
16050
16322
15663
16295
16235
16856
16923
16524
16787
16907
16427
16562
16382
16673
16294
16525
16645
16785
16375
16549
16609
16248
16300
16943
16525
16324
16748
16374
16090
16440
16689
16501
16583
16250
16388
16909
16472
16685
16404
16153
16067
16391
16602
16458
16007
16896
16926
16677
16422
16505
16147
16553
16433
16750
16449
16096
17052
16458
16288
16525
16438
16734
16472
16103
16401
16610
16615
16376
16262
16079
16522
16483
16477
16709
16466
16805
16523
16216
16137
16481
16200
16716
16643
16453
16206
16526
16629
16741
16462
16539
16523
16346
16715
16766
16598
16310
16631
16857
16212
16469
16776
16193
16608
16388
16594
16439
16687
16735
16762
16676
16506
16753
16145
16498
16917
16330
16887
16381
16609
16780
16596
16721
16734
16635
16448
16750
16946
16955
15884
16745
16313
16848
16582
16445
17134
16578
16266
16466
16442
16806
16292
16543
16683
16308
16328
16552
16938
15631
16664
16337
16452
16241
16342
16166
16605
16667
16490
16560
16392
16352
16411
16223
16477
16460
16493
16133
16328
15985
16390
16235
16834
16670
16252
16322
16336
16215
16857
16503
16602
16835
16763
16482
16275
16538
16475
16345
16544
16305
16887
16972
16193
16590
16863
16457
16603
16442
16486
16168
16445
16691
16283
16403
16134
16559
16167
16469
16338
16664
16380
16940
16802
16886
16360
16163
16382
16702
16832
16738
16557
16442
16232
16536
16307
16814
16429
16492
15859
16637
16497
16184
15962
16265
16177
16719
16265
16710
16705
16204
16669
16578
16868
16687
16368
16845
16231
16382
16691
16190
16120
16430
16443
16199
16179
16383
16713
16595
16670
16086
16547
16725
17052
16275
16065
16520
16400
16562
16300
16515
16800
16357
16453
16926
16524
16719
16390
16497
16183
16564
16920
16579
16051
16064
16821
16183
16249
16113
15938
16567
16322
16739
16776
16433
16457
16363
16093
16865
16781
17142
16823
16355
16595
16360
16555
16707
16490
16427
16531
16328
16989
16397
17023
16400
15993
16281
16450
16033
16537
16726
16567
16754
16170
16262
16613
16439
16593
16634
16696
16608
16152
16410
16592
16793
16933
16358
16502
16980
16815
16484
16382
16274
15899
16385
16783
16514
16750
16888
16195
16875
16159
16079
17121
16612
16316
16833
16399
16479
16649
16677
16788
16611
16782
16337
16367
16410
16445
16791
16358
16626
16707
16772
16277
16162
16400
16243
16564
16773
16212
16805
16455
16524
17003
16360
16738
16324
16384
16741
16489
16615
16227
15961
16034
16787
16551
16374
16515
16787
16156
16985
15812
16755
16889
16375
16583
16334
16129
16596
16249
16279
16083
16884
16273
16036
16753
16852
16238
16729
16356
16975
16708
16293
16130
16595
16664
16168
16261
16395
16349
16939
16228
16497
16795
16463
15782
15961
16848
16713
16367
16570
16733
16599
16738
16808
16661
16639
16494
16098
16627
16337
16605
16709
16866
16299
16834
16757
16615
16402
16460
16669
16414
16649
16818
16842
16523
16452
16586
16461
16449
16271
16098
16246
16707
16870
16335
16327
16659
16715
16071
16600
17049
16379
16559
16804
16340
16372
17166
16289
16484
16290
16785
16725
16091
16262
15875
16022
16575
16531
16249
16778
16301
16330
16557
16580
16636
16777
16384
16632
16519
16268
16602
16455
16369
16523
17074
16320
16423
16578
16384
16618
16508
15899
16334
16358
17114
16524
16396
16569
16228
16321
16976
16590
16883
16698
16440
16766
16432
16626
16494
16353
16442
16388
16603
16679
16481
16804
16431
16479
16452
16837
16850
16332
16360
16128
16456
16415
16037
16765
16193
16586
16427
16386
16279
16411
16677
16418
16226
16536
16271
16312
16602
16650
16722
16126
16587
16931
16681
16331
16572
16731
16926
16193
16488
16122
16603
16330
16213
16713
16801
16845
16661
16308
16344
16820
16547
16442
16073
16500
16238
16354
17340
16203
16246
16165
16484
16187
16407
16176
16310
16686
16942
16261
16296
16078
16552
16269
16468
16640
16393
16703
16438
16854
16480
16450
16237
16787
16512
16342
15870
16331
16417
16663
16222
16709
16318
16194
16158
16866
16023
16748
16732
16723
16460
16699
16450
16716
16912
16394
16029
16960
16400
16552
16932
16388
16503
16360
16183
16401
16979
16527
16492
16634
17056
16300
16580
17067
17084
16676
16521
16474
16706
16265
16178
16321
16485
16745
16301
16832
16769
16309
16574
15972
16817
16139
16720
16193
16059
17117
17037
16750
16869
16265
16770
16647
16488
16178
16324
16602
17074
16408
16735
16285
16282
16832
16506
16401
16685
16402
16460
16326
16000
16039
16561
16354
16425
16329
16855
16562
16999
16384
17004
16136
16052
16144
16591
17009
16180
16500
16491
16531
16490
16653
16023
16288
17128
17144
16591
16659
16455
16391
16418
16424
16157
16640
16771
16118
16521
16176
16707
16544
16758
16701
16545
16272
16946
16454
16668
16577
16198
16459
16593
16421
17044
16387
16471
16111
17059
16344
16197
16904
16513
16231
16321
16299
15958
16600
16333
16520
16186
16825
16681
16107
16239
15936
16614
16723
16768
16627
16669
16723
16287
16170
16638
15794
16099
16525
16349
16677
16416
16175
16211
16864
16416
16040
16279
16154
16701
16329
16575
16480
16307
16678
16514
16710
16935
16103
16506
16386
16386
16792
16721
16501
16848
17192
15963
16426
16026
16197
16618
16746
16835
16896
15849
16141
16828
16157
16351
16154
16642
16077
16931
16813
16745
16812
16191
16616
17098
16440
17137
16409
16713
16126
16295
16266
16771
16563
16159
16873
16259
16602
16783
15877
16751
16407
16791
16171
16484
16291
16384
16554
16276
16047
16984
16254
16659
16608
16270
16417
16626
16134
16297
17222
16586
16968
16671
16286
16871
16110
16727
16404
16904
16317
16409
16765
16051
16653
16312
16771
17013
16457
16688
16529
17059
17148
16777
16621
16790
16638
16350
16296
16365
16669
16187
16159
16417
16126
16454
16711
16263
16379
16426
16635
16404
16215
16922
16572
16939
16538
16474
16756
17045
16381
16717
16067
16686
17051
16613
16068
16658
16668
16587
16277
16090
16480
16610
15827
16626
16735
16846
16599
16327
16616
16356
16877
16794
16614
16425
16041
16101
16292
17069
16410
16693
16737
16426
16536
16705
16820
16542
16779
16141
16556
15731
16363
16616
16484
16730
16312
16317
16054
16882
16504
16334
16366
16816
15706
16536
16051
16588
16418
16573
16573
16339
16324
16139
16428
16167
16257
16250
16423
16345
16313
16810
16893
16547
16558
16319
16398
16893
16479
16731
16551
16468
16729
16305
16802
16622
16184
16319
16225
16377
16756
16235
17042
16666
16184
16399
16665
16111
16845
16269
16737
16193
16698
16973
16128
16525
16591
16780
16373
16544
16385
16581
16272
16406
16811
16854
16284
16564
16797
16714
16673
16607
16826
16549
16553
16559
17059
16673
15882
16307
16773
16579
16677
16388
16556
16931
16723
16615
16248
16039
16595
16058
16686
16764
16626
16472
16353
16652
16683
16285
16785
16528
16422
16640
16187
16871
16476
16343
16621
16759
16449
16578
16194
16249
16976
16705
16757
16772
16801
16186
15972
16418
16543
16904
16626
16485
16583
16392
16710
16453
16413
16910
16412
16658
16538
16605
16309
16257
16622
16245
17167
16211
16575
16388
16331
16251
16019
16159
16235
16665
16610
16578
16735
16009
16449
16532
16705
16199
16937
16777
16107
16473
16273
16741
16974
16374
16046
16469
16823
16350
16925
16559
16597
16537
16269
17020
16517
16436
16752
16367
16522
16674
16139
16965
16878
16758
17017
16456
16398
16503
16442
16399
16517
16285
16195
16750
16355
16407
16524
16455
16611
16187
16287
16426
16569
16982
16257
16987
16347
16118
16480
16325
16635
16564
16120
16732
15985
16463
16459
16386
15902
16754
16340
16277
16785
16509
16069
16544
16367
16518
16659
16599
16647
16701
15982
16447
16757
16437
16608
16367
16707
16530
16714
16833
16351
16345
16857
16525
16513
16145
16088
16551
16735
16697
16390
16746
16261
16105
16814
16530
16537
16270
16627
17017
16487
16465
16100
16313
16488
16902
16348
16536
16018
16135
16486
16435
16692
16611
16621
15980
16339
15933
16607
16443
16479
16588
16288
16220
16931
16219
16587
16769
17131
16461
16307
16785
16388
16420
16449
16411
16673
16799
16813
16541
16530
16241
16428
16238
16203
16159
16511
16547
16811
16319
16852
16545
16541
16450
16645
16429
16935
16511
16051
16458
16371
16115
16182
16315
16259
16685
16986
16576
16282
16968
16385
16666
16442
16524
16370
16531
16685
16388
16536
16641
16560
16854
16119
16307
16620
17154
16659
16362
16282
16384
16852
15781
16411
15966
16074
16258
16194
16444
17152
17091
16509
16178
16282
16144
16677
16369
16865
16179
16205
16655
17273
16618
16860
16371
16704
16446
16545
16756
16535
15972
16751
16605
16266
16608
16889
16110
16122
16324
16775
16337
16740
16841
16506
15894
16151
16446
16335
16599
16498
16522
16608
16209
16800
16701
16108
16281
16757
16412
16279
16894
16468
16399
17095
16940
16347
16670
16425
16209
16127
15958
16757
16882
16971
16730
16727
16501
16375
16648
16687
16960
16526
16401
16614
16315
16367
16182
16353
16201
15951
16584
16422
16726
16444
16713
16042
16562
16186
16296
16582
16565
16469
16877
16485
16668
16512
16511
16933
16576
16670
16575
16678
16454
16146
16481
16624
16469
16510
16430
16882
16627
16280
16489
16260
16500
16862
16516
16490
16358
16662
15913
16721
16325
16221
16308
16351
16224
16741
16796
16764
16144
16575
17101
16695
15812
16886
16850
16549
16409
16459
16664
17258
16460
16743
16521
16982
16705
16275
16238
16393
16735
16412
16257
16913
16601
16488
16669
16785
16727
16195
16687
16398
16874
16242
16616
16576
16568
16302
16433
16848
16487
17109
16330
16172
16044
16650
16262
16278
16354
15994
16177
16506
16657
16381
16470
16537
16784
16461
16558
16564
16372
16751
16434
16577
15975
16992
16236
17208
17047
16328
16280
16544
16685
16768
16318
16840
16728
16560
16482
16755
16415
16256
16646
16555
16420
16202
16781
16551
16573
16631
16335
16537
17160
16208
16674
16598
16042
16623
16419
16670
16408
16939
16457
16459
16218
16387
16807
16555
17003
16578
16231
16546
16418
16263
16494
16599
16875
16435
16551
16323
16145
16752
16539
16403
16530
16124
15858
16274
16204
16545
16200
16457
16342
16340
16633
16784
16448
16038
16316
16608
16768
16614
16284
16405
16560
16814
16098
16591
16453
16650
16764
16925
16369
16936
16667
16798
16505
16375
16949
16514
16420
16134
16239
16889
16249
16805
16314
16845
16807
16465
16415
16352
16873
16481
16598
16830
16457
16471
16649
16297
16448
16737
16518
16820
16850
16177
16526
16578
16750
16810
17051
16876
16677
16753
16079
16761
16604
16716
16659
16243
16260
16178
16311
16159
15912
16635
16739
16073
16830
17204
16654
16994
16617
16271
16056
16513
16772
16122
16643
16838
16606
15836
16282
16082
16500
16797
16591
16419
16625
16337
16372
16645
15919
16637
16510
16376
16356
16342
16788
17013
16951
16803
16098
16774
16906
16605
16051
16199
16216
16642
16362
16706
16402
16636
16738
16041
16480
16804
15932
17228
16240
16638
16438
16487
16237
16693
16776
16618
16447
16473
16337
16439
16265
16007
16501
16322
16817
15947
16523
16592
16291
16677
16157
16515
16205
16518
16836
16244
16516
16499
16766
16466
16326
16206
16488
16398
16166
16331
16785
16428
16383
16721
16085
17447
16220
16405
16373
16312
16889
16691
16458
16548
16552
16684
16339
16252
16208
16192
16706
16573
16888
16517
17187
16505
16400
16652
16126
17109
16785
16811
16764
16015
16587
16087
16491
16479
16111
17276
16218
16176
16687
16430
16453
16363
16998
16709
16307
17043
16254
16588
16327
16528
15934
16433
16776
16756
16171
16391
16508
16724
16629
16550
16804
16414
16639
16713
16945
16518
16621
16453
15889
16674
16425
16107
16802
16830
16681
16226
16726
15971
16929
16612
15979
16157
16683
16671
16363
16321
16160
16377
16621
16796
16257
16042
16877
16810
16570
16468
16229
16281
16589
17029
16296
16545
16591
16450
16302
16332
16138
16529
16821
16385
16306
16738
16360
16801
16530
16501
16020
16560
16416
16807
16187
16825
16705
16457
16622
17078
16748
16880
16745
16654
17325
16563
16526
16532
16840
16349
16638
16216
16757
16723
16432
16631
16468
16594
16457
16561
16646
16435
16118
17067
16168
16394
16260
16361
16772
16419
16331
16073
16218
16621
15931
16895
16704
16202
16621
16530
16320
16563
16289
16418
16170
16348
16607
16744
16477
16503
16256
16627
16961
16661
16668
16650
16430
16762
16700
16761
16392
16084
16816
16356
16584
16498
16071
16555
17007
16939
16400
16873
16189
16646
17088
16355
16846
16617
16226
16697
16819
16652
16273
16766
16245
16698
16434
16408
17018
16051
16391
15830
16400
16861
16854
16732
16849
16665
16689
16350
16176
17129
16117
16308
16548
16705
16609
16757
15933
16350
16446
16745
16723
16287
16887
16797
16801
16389
16916
17049
16353
16474
16547
16736
16419
16118
16395
16258
16878
16150
16232
16242
16265
16089
16339
16472
16459
16601
16415
16647
16414
16558
17060
17113
16309
16229
16409
16356
16638
16661
16676
16400
16533
16641
16703
16241
16709
16197
16442
16256
16414
16346
16844
16947
16851
16657
16437
16533
16707
16838
16536
16109
16557
16580
16665
16459
16536
16413
16859
16353
16943
16219
16471
16485
16494
16369
16792
15874
16510
16992
16097
16935
16598
16684
16410
16464
16215
16638
16327
16995
16231
16714
16267
16822
16199
16025
16634
16543
16172
15958
15874
17178
16746
16662
16468
16717
16090
16547
16004
16523
16500
16454
16682
16037
17184
16664
16421
16133
16456
16847
16700
16513
16413
15984
16893
16521
16776
16146
16368
16455
16925
16199
16425
16448
16445
16670
16550
16369
16531
16584
16577
16092
16541
16430
16501
16651
16971
16503
16307
16415
16403
17080
16721
16430
16355
16367
16154
16291
15864
16170
16797
16454
16702
16465
16370
16534
16473
16369
16831
16134
16568
16021
16452
15919
16124
15891
16669
16445
16625
16933
16735
16551
16696
16518
16288
16395
16637
16380
16755
16552
16489
16368
16523
16541
16501
16808
16700
16696
16610
16294
15991
16537
16088
16584
16652
16355
16921
16206
16677
16300
16899
16456
16229
16540
15607
16753
16414
16844
16738
16680
16696
16347
16367
16595
16512
16513
16811
16614
16366
16610
16401
16406
16269
16625
16555
16324
16312
16514
16365
16366
16759
16397
16825
16668
16671
16998
16764
16358
16678
16379
16912
16658
16498
16340
16773
16630
16364
16735
16667
16361
16614
16101
16475
16485
16565
16754
16498
16923
16603
16402
16512
16555
16154
16616
16461
16625
16616
16280
16510
16276
16597
16211
16574
16710
16627
16766
16398
16646
16233
16751
16778
16347
16484
16296
16566
16767
16564
16617
16365
16260
16598
16561
16188
16401
16648
16516
16108
16580
16758
17040
16416
17001
16343
16371
16205
16327
17402
16068
16250
16513
16680
16599
16682
16492
16142
16371
16523
16614
16413
16133
17248
16592
16180
16693
16322
16240
16494
16587
16409
15962
16233
15956
16379
16720
17129
16993
16690
16623
16802
16784
16318
16481
16925
16617
16574
16792
16127
16595
16536
16085
16859
17032
16267
16713
16492
16253
16777
16614
16380
16108
16527
16322
16558
16645
17073
16584
16663
16396
16318
16658
16439
16494
16365
16747
17237
16140
16544
16198
16294
16571
16817
16467
15880
16186
16475
16573
16397
16413
16215
16439
16515
16343
16584
16431
16311
16163
16816
16914
16810
16274
16638
16178
16558
16561
16332
16624
15924
16609
16357
16096
16609
16421
16619
16784
16250
16636
16504
16620
17043
16120
16399
16097
16659
16994
16112
16715
16412
16758
16526
16927
16700
16099
16507
16230
16469
16205
16313
16426
16616
15744
16216
16565
16450
16608
16403
16663
16474
16912
16450
16831
16185
16739
16122
16604
16877
16376
16460
16398
16840
16722
16967
16359
16531
16633
16896
16671
16834
16286
15949
16432
16550
16902
16180
16826
16709
16039
16317
16665
16769
16888
16915
15905
16900
16073
16532
16759
16856
16793
16587
16000
16215
16479
16415
16132
16182
16404
16184
16451
16592
16185
16235
16156
16735
16559
16355
16534
16160
16035
16720
16824
16676
16846
16527
16914
16349
17100
17086
16324
16248
16674
16513
16177
16412
16724
16664
16402
16601
16673
17052
17090
16390
16373
16538
16846
16207
16876
16698
16639
16509
16704
16357
16735
16524
16282
15970
16298
17320
16702
16337
16975
16531
16728
16629
16054
16358
15855
16525
16375
16664
16489
16509
15960
16358
16507
16514
16312
16821
16797
16053
16578
16198
16333
16550
16527
16236
15916
16593
16557
16210
16552
16555
16134
16624
16218
16623
16229
16172
16594
16805
16326
16701
16355
16163
16439
16774
16503
16856
16118
16372
16652
16741
16308
16606
16658
16468
16658
16552
16158
16598
16603
16298
16772
16221
16276
16153
17221
16385
16482
16460
16608
16799
16549
16689
16600
16502
16599
16269
16573
16510
15668
16568
16424
16453
17035
16321
16142
16736
16747
16093
16663
16709
16752
16614
16506
17052
16238
16852
16478
16656
16465
16667
16518
16588
16228
16503
16598
16482
16572
16460
16517
16540
16879
16728
16500
16347
16785
16603
16386
16360
16626
16698
16172
16595
16356
16728
16573
16123
16454
16771
16635
16235
16740
16206
16859
16813
16433
16547
16163
16344
16554
16608
16355
16546
16960
16420
17094
16710
16591
16325
16188
16790
16683
16479
16417
16531
16296
16256
16387
16071
16549
16286
16682
16992
16408
16614
16188
16199
16844
16391
16591
16057
16839
16652
16425
16265
16472
16153
16524
16401
16608
16645
16750
16682
16898
16581
16483
16751
16355
16330
16709
16172
16588
16822
16313
16397
16594
16780
16983
16592
16327
16283
16506
16518
16491
16497
16344
16469
16788
16313
16462
16363
16813
16269
16040
16502
16460
16187
16145
16855
16508
16311
16380
16808
16717
16615
16190
16197
16140
16578
16663
16393
16573
16477
16683
16283
16786
16097
16763
16315
16305
16847
17199
16812
16714
16311
16306
16284
16952
16585
16359
16708
16641
16183
16273
16277
16394
16576
16512
16532
16715
16666
16384
16678
16186
15979
16324
16445
16630
16449
16522
16273
16613
16200
15998
16243
16249
16506
16421
16496
16415
16610
17024
16667
16593
16675
16286
16711
16389
16336
16744
16750
16404
16600
16666
16449
16294
16856
16153
15877
16941
16356
16218
16250
16557
16794
16249
16036
16691
16439
16553
16638
16509
16378
16547
15954
17000
16752
16656
16263
16663
16382
16410
16802
16360
16589
16596
16618
16463
16634
16384
16812
16086
16360
16430
16880
16159
16737
16399
16551
16215
16232
16501
16636
16588
16370
16353
16483
16260
17051
16603
16327
16647
16321
16014
16468
16524
16613
16641
16565
16670
16317
16465
16048
16086
16379
16446
15806
16627
16489
16952
16329
16539
16408
16673
16262
16555
16545
16341
16245
16254
16687
16593
16278
16745
16369
16512
16756
16180
16479
16809
16635
16190
16173
16564
16453
16167
16315
16975
16279
16514
16238
16633
16498
16593
16660
16613
16811
16917
16444
16589
16119
16667
16729
16626
16657
16289
16055
16592
16338
16696
16370
16402
16387
15950
16277
16474
16662
16457
16296
16561
16908
16637
16380
16140
16929
16512
16584
16012
16506
16574
16284
16370
16379
16483
16631
16174
16588
16666
16232
16361
16335
17074
16719
16360
16390
16487
16095
16387
16891
16788
15959
16195
16595
16294
16096
16445
15955
16574
15918
16425
16570
16502
16657
16305
16419
16744
16473
16421
16283
16746
16560
16629
16292
16896
16803
16297
16848
16731
16212
16521
16919
16857
16894
16504
16121
16795
16205
16823
16624
16569
16041
16848
16415
16478
16449
16478
16574
16990
16980
16400
16762
16376
16719
16621
16051
16495
16654
16735
16116
16415
15960
16359
16375
16569
16737
16262
16080
16223
16279
16166
16553
16365
16495
16665
16037
17179
16780
16834
16627
16847
16348
16758
16259
16468
16569
16320
16458
16302
16517
16852
16725
16702
16423
16572
16361
16860
16451
16183
16646
17105
16161
16162
16762
16554
16418
16522
16686
16265
16377
16642
16741
15901
16581
16189
16814
16106
16631
16911
16948
16546
16498
16414
16995
16140
16449
16760
16274
16623
16687
17166
16536
16480
16235
17444
16278
15981
16550
16060
16625
16906
16448
16399
16373
16865
16614
16822
16853
16366
16498
16101
16352
16392
16710
16550
16871
16247
16640
16534
16771
16465
16700
16516
16598
16243
16519
16360
16518
16515
16712
16559
16473
16504
16713
16677
16303
16300
16399
16515
16487
16753
16887
16334
16781
16677
16398
16584
16562
17242
16554
16831
16882
16284
16574
16432
16410
16811
16530
16720
16825
16174
16258
16408
16586
16760
16526
16362
16842
16463
16426
16621
16421
16256
16604
16815
16762
16900
16571
16633
16629
16196
16922
16443
16584
15939
16608
16058
16530
16953
16730
15708
16151
16657
16483
16646
16498
16492
16383
16440
16937
16602
16982
16537
16674
16341
16425
16489
17025
16116
16642
16746
16835
16313
16665
16690
16232
16424
16670
16500
16183
16894
16551
16780
16518
16606
16590
16381
16495
16679
16637
16431
16178
17108
16299
16500
16288
16557
16518
16541
16286
16388
16836
16413
16616
16804
16470
16732
16204
16772
16281
16479
16274
16842
16509
17011
16170
16794
16577
16348
17115
16718
16212
16470
16639
16396
16758
16300
16657
16899
16572
16765
16869
16547
16682
16284
16412
16415
16680
16490
16289
16572
16202
15986
16626
17150
16640
16623
16666
16092
16356
16409
16298
16482
16121
16214
16652
16606
16863
16336
16679
16273
16566
16764
16479
16155
16206
16585
16097
16285
16449
16425
16921
16027
17051
16555
16761
16228
16518
16525
16571
16397
16310
16409
16953
16216
16588
16802
16976
16181
16555
16495
16448
16629
16359
16466
16546
16784
16483
16477
16359
16082
16821
16605
16498
16426
16278
16333
16388
16547
16564
16329
16324
16591
16875
16950
16520
16240
16091
16282
16601
16776
16719
16699
17149
16662
16563
16633
17170
16664
16258
16500
16436
16455
16269
15821
16976
16614
16630
16717
17089
16378
16704
16538
17002
16035
16346
16405
16676
16417
16204
16503
16549
16328
16429
16464
16055
16863
16496
16521
17049
16369
16822
16744
15872
16328
16495
16268
16519
16140
16590
16501
16583
16014
16451
16569
16201
15815
16123
16327
16707
15986
15893
16212
16188
16729
16776
16611
16068
16534
16613
16968
16871
16248
16575
16477
16294
16079
16371
16601
17242
16619
16886
17008
16467
16241
16569
16443
16692
16952
16492
17044
16495
16445
16511
16199
16517
16457
16566
16507
16799
16729
16497
16411
16577
16694
16640
16787
16571
16539
16237
16508
16278
16823
16653
16525
16142
16498
16305
16957
16464
16417
16578
16668
16567
16293
16130
16499
16871
16358
16616
16170
16324
16095
16457
16759
16303
16302
16604
16194
16293
16890
16294
16151
16645
16673
15991
16450
16558
16528
16539
16018
16453
16263
16638
16433
16084
16659
16551
15986
15881
16187
16736
16940
16267
16336
16691
16485
16978
16608
16995
15944
17026
16338
16776
16801
16515
16374
16341
16437
16473
16604
16525
16467
16383
16509
16603
16434
16539
16490
17058
16788
16367
16563
16554
16354
16537
15715
16641
16843
16692
16815
16451
16307
16101
16618
15842
16275
16506
16875
15990
16800
16486
16435
16744
16366
16244
16173
16241
16743
16461
16816
16694
16495
16685
16666
16659
16512
16698
16294
16890
16391
16922
16321
16622
16940
16304
16687
16382
16899
16232
16357
16260
16349
16688
16224
16667
16506
16512
16778
17002
16485
15880
16305
16134
16286
16408
16379
16929
16750
16262
16820
16015
16653
16334
16393
16263
16347
16858
15932
16684
17394
16485
16745
16901
15927
16588
16174
16313
16619
17054
16295
16641
17207
16348
16645
16566
16411
16459
16398
16675
16738
16515
16402
16609
16603
16701
16217
16212
16085
16263
16783
16699
16446
16108
16558
16152
16641
16642
16799
16421
16472
16556
16393
16107
16291
16398
16106
16798
16486
16448
16853
16320
16755
16525
16429
16885
16214
16602
15973
16233
16296
16321
16363
16419
16709
16999
16771
16467
16400
16746
16220
16543
16628
16305
16198
16635
16632
16184
16653
16413
16433
16398
16549
16093
16541
16999
16291
16965
16543
16704
16281
16550
16780
16619
16645
16423
16275
16762
16775
16523
16261
15848
16780
16385
16299
16416
16819
15813
16371
16895
16502
15941
16419
16159
16673
16970
16325
16505
16580
16424
16779
17043
16412
16861
16326
16605
16405
16615
16954
16320
16346
16984
16430
16363
16661
16437
16523
16907
16141
16275
16296
16251
16485
16307
16587
16969
16897
16534
16717
16500
15963
16668
16493
16465
16705
16761
16323
16425
16458
16675
16669
16438
16623
16963
16504
16597
16671
16596
16530
16423
16810
16655
16127
16022
16792
16747
16301
16794
16401
16094
17082
16664
16584
16523
16514
16290
16421
16370
17046
16148
16495
16485
16609
16810
16525
16364
16250
16342
16457
16207
16850
16806
16433
16443
16687
16932
16143
16001
16342
16711
16586
16717
16319
16727
16347
16164
16971
16728
16440
16272
16903
17113
16484
16107
16459
16098
16966
16781
17013
16197
16474
16260
16434
16667
16520
16496
16521
16830
16344
16277
16434
16587
16551
16054
16629
16265
16076
16341
16814
16822
17080
16310
16612
16403
16816
16137
16450
16618
16584
16793
16026
16689
16423
16355
16515
16300
16577
16449
17033
16115
17107
16868
17107
16626
16952
16352
16631
16304
16825
16740
16871
16876
16258
16863
16220
16305
16103
16612
16418
16424
16214
16508
16408
16381
16153
16230
16813
16086
16213
16339
16605
16714
16469
16556
16581
16322
16107
16634
17380
16643
16386
16625
16067
16420
16506
16262
16982
17061
16662
16901
16352
16103
16159
16365
16322
16395
16576
16755
16488
16819
16927
17076
16370
16749
16242
16489
16126
17090
16769
16383
16408
16634
16799
16520
16555
16263
15990
16100
16735
15988
16966
16541
16371
16483
16260
16318
16673
16405
16288
16043
16356
16131
16693
16962
16660
16430
16374
16667
16421
16620
16751
16500
16592
16448
16524
17350
16741
16613
16569
16171
16197
16613
16642
16508
16818
16487
16666
16727
16294
16574
16270
17049
16436
16218
16348
16928
16690
16860
16260
16248
16831
16633
16842
16578
16604
16073
16429
16471
16432
16652
16445
16411
16187
16616
15921
16945
16306
16218
16683
16983
16904
16895
16102
16865
16972
16597
15999
16877
16878
16545
16797
16319
15846
16577
16174
16604
16215
16870
16226
16245
16448
16845
16424
16256
16382
16108
16311
16415
16127
16700
16807
16507
16230
16353
16596
16855
16795
16056
16552
16545
16880
16732
16810
15958
16768
16388
16442
16599
16529
16861
16167
16805
16286
16372
16658
16939
16413
16531
16456
16786
17047
16413
16479
16415
16381
16275
16462
16881
16785
16258
15895
16660
16395
16555
16652
16458
16448
16504
17010
16610
16918
16529
16475
16667
16812
16065
16640
16159
16526
16568
16525
16305
16636
16564
16502
16475
16636
16748
16339
15959
16273
16784
16635
16086
16180
16363
16640
16499
16395
16405
16335
16454
16220
16518
16444
16557
16458
16274
16863
16396
16589
16462
16527
16456
16649
16491
16729
17184
15854
16661
16437
16928
16266
16851
16888
16674
16220
16092
16565
16760
16286
16476
16301
16523
16528
16578
16838
16619
15998
16963
16219
16496
16369
16321
16190
16723
16206
16736
16566
16118
16398
16903
16574
16637
16562
16245
16272
16214
16011
16321
16533
16291
16375
16655
16628
16197
16498
16486
16502
16520
16276
16630
16643
16422
16596
16461
16662
16130
16697
16326
16800
16454
16496
16199
16703
16067
16010
16556
16446
16422
16311
16078
17189
16678
16665
16640
16744
16713
16714
16365
16797
16134
16715
16728
16348
16393
16125
16642
16274
16160
16586
16313
16889
16283
16068
16324
16510
16179
16255
17180
16646
16800
16452
17002
16886
16695
16510
16637
16657
16667
16395
16039
16658
16529
16491
16475
16716
16737
16494
16538
16189
16333
16712
16588
16579
16658
16768
16082
16303
16285
16390
16751
16700
16529
16614
16732
16112
16726
16591
16269
16930
16301
16496
16706
16194
16601
16663
16508
16971
16325
16480
16282
16664
16204
16266
16521
16836
16401
16731
16383
16268
16429
16498
17014
16240
16255
16931
16468
16589
16803
16648
16283
16369
17025
16411
16842
16508
16523
16430
17037
16515
16455
16425
16364
16196
16431
16388
16887
16245
16699
16659
16238
16289
16858
16454
16511
16569
16529
16154
16747
16757
16758
15833
16700
16843
16282
16437
16535
16484
16237
16812
16731
16624
16587
16704
16530
16548
16443
16433
16773
16413
16156
16688
16244
16266
16700
16386
16499
16125
16393
16368
16685
16682
16153
16446
16868
16638
16244
16543
16449
16541
16858
16800
16859
16506
16594
16704
16180
15994
16443
16739
16385
16300
16089
16555
16746
16376
16742
16595
16355
16295
16887
16776
16304
16849
16827
16460
16484
16832
16561
16317
16250
16017
16269
16778
16208
16437
16662
16573
16583
16632
16812
16645
16023
16731
16564
16094
15942
16920
16518
16401
16272
16705
16491
16801
16411
16523
16243
16712
16633
16865
16500
16720
16809
16926
16246
16379
16287
16688
16476
16781
16733
16291
15981
16648
16116
16504
16550
16609
16414
16234
16572
16275
16593
16653
16108
16835
16089
16626
16895
16175
16239
16224
16508
16157
16512
16400
16147
16264
16390
16764
16236
16827
17081
16101
16766
16382
16579
16386
16544
16377
16579
16285
16723
16340
16294
15987
16170
16060
16606
16977
16428
16558
16019
16458
16399
16394
16772
16214
16036
16819
16493
16484
16861
16328
16048
16566
16565
16129
16666
16732
16228
16747
16850
16807
16874
16573
16399
16777
16610
16425
16334
16554
16651
16442
16473
16008
16682
16394
16851
16460
16443
15915
16657
16035
16329
16599
16699
16571
16576
16709
16684
16685
16525
16934
16891
17249
16723
16309
16639
16480
16828
16625
16485
16481
16983
16956
16541
16048
16267
16837
16809
16472
16466
17533
16753
16273
16084
16146
16520
16586
16239
16766
16717
16375
16442
16362
16328
16363
16825
16479
16157
16782
16525
16240
16875
16552
16622
16283
16677
16146
16402
17373
16266
16424
16630
16726
16455
16808
16512
16491
16405
16793
16266
16981
16668
16928
17089
16406
17097
16390
16331
16334
16928
16513
16606
16330
16773
16815
16330
16143
16482
16188
16593
16684
16347
16602
16782
16689
16673
16367
16704
16357
16162
16433
16705
16662
16442
16395
16978
16916
16403
16491
16239
16478
16896
16826
16582
17058
16630
16437
16396
16518
16497
16767
16502
16567
16705
16988
16539
16688
16461
16136
16636
16456
16590
16406
16306
16947
16746
16521
16438
16417
16387
16769
16334
16601
16264
17028
16172
16540
16569
16460
16470
16118
15995
16505
16318
16237
16338
16161
16867
16485
16534
16469
16746
16816
15982
16871
16924
16614
15880
16392
16741
16294
16222
16580
16426
16354
16232
16171
16061
16359
16505
15899
16356
16211
16715
16561
16864
16467
16492
16569
16387
16481
16083
16763
16671
16421
16492
16592
16155
16416
16646
17090
16109
16768
16333
16319
16741
16636
16562
16540
16739
16380
16439
16322
16105
16300
16849
16214
16976
16720
16522
16465
16156
16408
16305
16820
16603
16369
16554
16508
16761
16597
16601
16224
16846
16196
15990
16707
16553
17015
16464
16291
16912
16669
16265
16341
16873
16381
16836
16348
17219
16732
16323
16663
16407
16638
16413
16733
16826
16227
16536
16620
16527
16200
16716
16361
16716
16083
16747
16499
16881
16411
17139
16504
16504
16916
16585
16832
16683
16131
16370
15768
16550
16565
16701
16633
16238
16749
16702
16735
16319
16383
16450
16170
16872
16415
16244
16391
16394
15815
16328
16217
16277
16996
16566
16730
16906
16696
16148
16461
17010
16463
16671
16296
16599
16956
16497
16137
16200
16008
16487
15958
16657
16488
16779
16566
16343
16326
16818
16525
16187
16783
17032
16400
16441
16761
16834
16421
16912
16804
16556
16627
16472
16780
16413
16290
16938
16660
16669
16308
16802
16670
16527
16845
16797
16602
16630
17254
16423
16471
16264
16717
16548
15963
16673
16223
16506
16419
16736
16732
16407
16941
16395
16462
16376
16545
16305
16478
16862
17101
16617
16493
16372
16641
16476
16024
16805
16425
16402
16517
16563
16403
16646
16474
16103
16330
16205
16697
16697
16364
16288
16548
16505
16290
16260
16381
16681
16252
16655
16355
16823
16762
16739
16473
16011
16741
16698
16428
16365
16343
16712
16610
16666
16658
16878
16742
16446
16698
16639
16970
16448
17332
16484
16636
16578
16427
16668
16764
17083
16319
16450
16797
16484
16924
16521
16786
16422
16264
16427
16630
16427
16797
16386
15916
16377
16562
16718
16658
16933
16309
16435
16765
16730
16618
16272
16270
17005
16264
16881
16387
15752
17004
17083
16579
17154
16130
16354
16371
16325
16544
16854
16115
16421
16747
16653
16529
16621
16283
16436
16937
16419
16461
16135
16219
16062
16665
16591
16284
16907
15876
16225
16604
16068
17014
16203
16068
16774
16564
16365
16145
16618
15998
16639
16861
16426
16768
16481
16317
16382
16674
16353
16791
16417
16579
16228
16456
16375
16648
16673
16596
16489
16164
16272
16855
16411
16559
17040
16324
16424
16639
16260
16311
16830
17018
16430
16647
16441
16136
16247
16218
16267
16274
16451
16531
17157
16297
16558
16359
16415
16607
16635
16511
16469
16149
16382
16268
16450
16097
16294
16821
16726
16229
16557
16538
16358
16110
15943
16474
16784
16888
16549
16396
16089
16654
16377
16328
16660
16444
16518
16518
16635
16312
16468
16241
16730
16406
16287
16209
16780
16767
16981
16699
16918
16400
16410
16195
16378
16530
16741
16718
16307
16840
16587
16409
16413
16749
16536
16826
16179
16452
16682
16459
16029
16226
16714
17305
16403
16266
16314
16629
16469
16239
16953
16025
16458
16538
16211
16745
16406
16588
16196
16590
16832
16442
16804
16238
17000
16561
16270
16033
16300
16326
16364
16021
16501
16480
15925
16936
16759
16927
16549
16716
16174
16543
16495
16608
16373
16134
16408
16567
16229
16699
16412
16106
16922
16441
16626
16283
16106
16428
16460
16656
17048
16761
16394
16418
16542
16766
16978
16722
16344
16100
16257
16337
16602
16421
16866
16609
17097
16513
16095
16879
16157
16466
16714
16876
16068
16569
16422
16266
16661
16272
16464
16887
16655
16474
16439
16589
16457
16881
16344
16865
16240
16679
16402
16537
16849
16641
16656
16487
16745
16320
16647
16316
16547
16752
16835
16100
16205
16268
16467
16342
16539
16083
16361
16523
16710
16470
16408
17048
16481
16172
16933
16806
16954
16343
16393
16618
16189
15985
16526
16423
16741
16723
16950
16783
16223
16486
16611
16134
16601
16728
16569
16214
16649
16178
16783
16692
16567
16447
16196
16783
16344
16547
16728
16509
16769
16591
16715
16820
16712
16695
16520
16233
16372
16937
16550
16386
16386
16399
16785
16615
16488
16507
16188
16559
16369
16423
16502
16757
16372
16590
17047
16321
16674
16275
16493
16894
16404
16499
16342
16477
16952
16468
16469
16196
16432
16655
16371
16436
15995
16453
16539
16295
16399
16384
16273
16220
16130
16617
16451
16785
16518
16248
16487
16416
16344
16445
16661
16683
17118
16431
16513
16513
16393
15971
16584
16563
16029
16614
16620
16824
16772
16339
16440
16636
16585
16594
16355
16510
16932
16943
16589
16945
16223
16274
16559
16625
15917
16551
16302
16313
16613
16147
16568
16566
16231
16500
16770
16759
16758
16575
16413
16244
16310
16678
16518
16558
16277
16524
16660
16435
16626
16629
17322
16384
16813
16541
16079
16215
16220
15996
15928
16321
16434
17000
16153
16696
16455
16647
16394
17145
16266
15844
16575
16384
16898
16943
16966
16738
16543
16497
16526
16403
16514
16615
16660
16635
16939
16352
16681
16452
15831
16902
16682
16819
16377
16704
16377
16523
16182
16819
16635
16454
16214
16731
16018
16896
16394
16652
16354
17078
16525
16555
16301
16477
16663
16593
16581
17041
16205
15946
16828
17087
16778
16475
16511
16941
16528
16734
16463
16953
16550
16418
16360
16829
16400
16568
16501
16885
16752
16391
16092
16750
16412
16493
17165
16719
16558
16332
16852
15996
16406
17030
16492
16630
16404
16312
16198
16703
16559
16223
16637
16404
16232
16696
15989
16664
16070
16647
16655
16789
15951
16077
16075
16445
16856
16437
16675
16375
16479
16508
16686
16538
16549
16361
16617
17045
16578
16649
16659
16352
16382
16926
16809
16388
15995
16608
16315
16648
16738
16518
16564
16472
17015
16447
16308
16550
16605
16568
16546
16794
16433
17046
16370
15849
16625
16430
16703
16612
16017
16361
16641
15626
16342
16320
16696
16872
16042
16573
16221
16430
16147
16824
16370
16642
16572
16361
16939
16689
16540
16635
16266
16770
16049
16535
16749
16448
16205
16942
16694
16575
16842
16667
16462
16915
16341
16717
16361
16877
16571
16399
17013
16706
16515
16222
16172
16197
16467
16255
16552
16667
16834
16550
16184
16160
16484
16865
16489
16349
16103
15919
16634
16402
16138
16647
16795
16625
16653
16765
16354
16318
16788
16697
16629
16669
16034
16660
16190
16812
15830
16684
16714
16293
16459
16348
16605
16552
16607
16262
16284
16043
16525
16646
16247
16510
16428
16532
16388
16406
16723
16419
16923
16654
15907
17306
16362
16615
16652
16538
16106
16386
16308
16623
16450
16525
16723
15900
16701
16910
16734
17037
16360
16684
16322
16391
16273
16467
16508
16427
16952
16864
16494
16540
16865
16335
16397
16709
16837
16357
16574
16356
16727
16595
16613
16029
16178
17098
16451
16406
17197
16373
16161
17192
16530
16781
16584
16821
16296
16276
16661
15812
16260
16027
16746
16424
16525
16413
16603
16054
16560
15994
16655
16259
16437
16299
16517
15961
16522
16416
16460
17131
16946
16363
16096
16235
16380
16503
16302
16433
16981
16211
16352
16469
16537
16738
16209
16951
16183
16262
16350
16262
16747
16266
16636
16079
16156
16552
16468
16714
16327
16507
16442
16626
16828
16527
17137
16507
16851
16946
16699
15912
16661
16044
16417
16350
16882
16525
17121
16946
16529
16379
16222
16145
16974
16377
16426
16208
17022
16693
16958
16704
17094
16359
16658
16228
16587
16491
16682
16462
16253
16637
16572
16879
16670
16485
16380
16591
16494
16822
16366
16778
15954
16352
16646
16395
16305
16604
16915
17026
16372
16705
16518
16852
16515
16411
16510
16622
16203
16662
16360
16686
16521
16492
16278
16597
16103
16246
16991
15876
16635
16299
16751
16937
16157
16323
16453
16444
16447
16507
16740
16715
16935
16547
16336
16277
15997
16210
16319
16386
16413
16934
16355
16618
16378
16725
16750
16564
16625
17143
17084
16394
16556
16127
16508
16952
16626
17092
16767
16662
16377
16282
15964
16942
16380
16599
17059
16673
15861
16681
16343
16371
17101
16507
16356
16299
16774
16346
16723
16569
16801
17063
16291
16785
16248
16506
16218
16618
16154
16788
16624
16542
16256
16075
16750
16428
16689
16600
17094
16936
16604
16325
16305
16769
16619
16492
16181
16658
16721
16405
16386
16520
16514
16433
16130
16329
16553
16822
16449
16588
16742
16347
16608
16211
16465
16824
16649
16226
16218
16204
16549
16879
16383
16685
16412
16357
16330
16756
16042
16737
16859
16629
16642
16414
16636
16544
16488
16468
16913
16405
17087
16554
16565
16275
16094
15984
16283
16232
16304
16671
16812
16569
17031
16618
16277
16991
16371
16909
16124
16593
16548
16709
15964
16968
16578
16059
16095
16398
16454
16699
16981
16203
16118
16723
16029
16259
16613
16364
16346
16507
16579
16816
16577
16601
16613
16660
16396
16344
16310
16914
16472
16321
16688
16692
16281
16829
16461
16129
16342
16769
15933
16283
16528
16635
16357
16327
16982
16283
16609
16530
16110
16674
16508
16202
16864
16941
16765
16651
16617
16737
16469
16582
16416
16692
17121
16888
16761
16780
16905
16643
16305
16333
15880
16485
16520
16336
16786
16673
16779
16334
16347
16214
16359
16637
16390
16212
16441
16676
15987
16723
17042
16396
16573
16791
16113
16585
16544
16419
16942
15976
16314
16877
16397
16169
16711
16941
16542
16497
16572
16603
16879
16774
15806
16615
16751
16101
16740
16441
16555
16649
16853
16992
16609
16806
16760
16318
16059
16443
16826
16655
16301
16431
16437
16257
16764
16636
16175
16921
17121
16138
16185
16428
16849
16602
16697
16773
16815
17164
16029
16342
16582
16625
16029
16478
16241
16660
16609
16228
16232
16209
16519
16050
16393
16633
16325
16347
16115
16802
16880
16623
16455
16808
15998
16833
16348
16546
16561
16687
16448
16542
16486
16255
16786
16371
16493
16589
16032
16353
16522
16285
16437
16789
16709
16288
16127
16864
16449
16976
16587
16359
16795
16677
16442
16771
16814
16679
16202
16175
16551
16518
16802
16610
16451
16094
16565
16878
16849
16558
16577
16590
16490
16745
16411
16398
16515
16639
16445
16993
16049
16316
16419
16480
16921
16766
16080
16304
16506
16870
16735
16149
16690
16439
16751
16183
16628
16606
16215
16269
16161
17169
16852
16350
16808
16840
16382
16446
16935
16413
16746
16212
16757
16777
15957
16328
16556
16278
16833
16064
16266
16870
16515
16643
16712
16717
16775
16011
17257
16553
16697
16419
17041
16835
16918
16505
16409
16964
17001
16286
16693
16011
16682
16822
16989
16363
16535
16237
16203
17038
16851
16754
16287
16235
15994
16202
16492
16462
16679
16695
16492
16384
16452
16554
16576
16748
16809
16243
15977
16406
16250
16536
16874
16968
16075
17081
16465
16488
16473
16484
16397
16394
16742
16999
16145
16213
16680
16382
16949
16506
16579
16585
17300
16498
16636
16538
16270
16435
15910
16900
17181
16936
16507
16703
16587
16701
16423
16658
16510
16815
16518
16345
16845
16846
17000
16445
16565
16244
16674
16487
16529
16437
16519
16609
16221
16676
15880
16169
16497
16728
16418
16764
16620
16961
16406
16874
16523
16238
16574
16817
16150
16278
16514
16531
17134
16479
16125
16328
16991
16289
16302
16308
16416
17101
16575
15996
16588
16415
17027
16882
16262
16315
16342
17186
16783
16310
16830
16746
16704
16514
16410
16290
16280
16908
16620
16813
16190
16658
16798
16633
16364
16776
16645
16890
16469
16343
16310
15958
16419
16725
16675
16736
16242
17206
16709
16314
16699
16005
16580
16302
16687
16632
16815
16223
16117
16681
16520
16630
16206
16111
16418
16597
17026
16347
16470
16437
16310
16875
16718
16575
16609
16322
16503
16380
16819
16494
16745
16724
16347
16528
17001
16703
16635
16177
16809
16209
16740
16697
16485
16551
16463
16652
16834
16206
16819
16372
16690
16917
16546
16673
16525
16674
16688
16214
16309
16658
16803
16456
16624
16366
16192
16965
16499
16620
16765
16880
16217
16334
17171
16535
16432
15810
16316
16877
16799
16324
16553
16193
17097
16978
16053
16454
16643
16784
16246
16545
16384
16488
16248
16167
16476
16509
16795
16755
16546
16306
16740
16761
16623
16567
16564
16685
16648
16016
16304
16560
16453
16574
16520
16683
16703
16125
16834
16454
16543
16691
16627
16367
16301
16597
16447
16420
16343
16804
16750
16329
16108
16728
16520
16478
16927
16486
16258
16385
16612
16283
16559
17193
16165
16383
16506
16309
16672
16099
16257
16629
16532
16600
16535
16522
16333
16630
16433
16467
16435
16219
16697
16189
15888
16383
16273
16730
16046
16730
16623
16371
16029
16500
16218
16867
16424
16592
16470
16726
16110
16291
16403
16557
16507
16591
16156
16204
16514
16642
16355
16852
16477
16355
16893
16684
16098
16573
16696
16520
16331
16210
16330
16703
16248
16102
17049
16660
16025
16772
16500
16293
16513
15932
16165
15990
16522
16601
16372
16107
16962
16408
16369
16058
16730
17027
16382
16347
16890
16356
16570
16393
16232
16210
16474
16200
16968
16651
16745
16226
16575
16117
16234
16424
16633
16848
16283
16435
16298
16491
16496
16789
16504
16462
16692
17047
16862
16559
16467
16819
16363
16491
16726
16408
16276
16294
16208
16842
16976
16326
16746
16597
17145
16370
16224
16498
16684
16688
16643
16371
16984
15893
16552
16343
16223
16507
16481
16947
16343
16059
16204
16560
16647
16753
16919
16727
16732
16229
16507
16803
16632
16049
16615
16312
16561
16538
16936
16705
16736
16650
16843
16339
16224
16145
16212
16889
16396
16716
16476
16832
17033
16651
16576
16543
16513
16555
16937
15979
16787
16681
16737
16464
16372
15592
16593
16449
16311
16781
16916
16389
16506
15783
16824
16658
16157
16826
16326
17035
16191
16216
16686
16510
15873
16999
16741
16611
16406
16589
15915
16190
16308
17023
16689
16903
16696
16675
16177
16533
16484
16985
16560
16827
16910
16375
15920
17094
16596
16162
16943
16892
16200
16327
16797
16092
16390
16606
16857
17036
16916
15920
16138
16300
16603
16433
16197
16326
16267
16966
16946
16573
16235
16677
16442
16694
16626
16880
16348
16513
16469
16142
16899
16712
16849
16312
17203
16753
16713
16183
16252
16247
16114
16434
16446
16184
17000
16568
16463
16636
16252
16511
16280
16584
16940
16444
16533
16608
16499
16498
16350
15996
16637
16274
16260
16491
17002
16742
16660
16509
16737
15979
16583
16429
16186
16787
16265
16578
16457
16691
16465
16848
16874
16443
16459
16383
16882
16585
16780
16953
16352
16468
16236
16787
16461
17039
15945
16381
16442
16420
16657
16616
16661
16715
16502
16526
16330
16505
16407
16597
16336
16075
16645
16489
16797
16632
16401
16898
16344
16451
16471
16209
16114
16647
16794
16777
16604
16517
16736
16403
17012
16350
16667
16227
16353
16598
16726
16469
16148
16586
16768
16648
17087
16496
15940
16324
16232
16305
16322
16930
16124
16192
16201
16381
17243
16725
16353
16169
16786
16253
16645
16788
16405
16922
16580
16501
